4294967278,278
4294967278,380
4294967278,366
4294967279,303
4294967279,229
4294967294,392
4294967294,398
4294967294,403
4294967294,459
4294967278,405
4294967278,283
4294967279,558
4294967279,195
1751,6
4294967278,192
1751,5
1751,4
1751,3
1751,2
1751,1
4294967279,0
4294967279,183
4294967278,179
4294967278,177
4294967278,176
4294967278,175
1748,4
1748,3
1748,2
1748,1
4294967279,260
1747,5
1747,4
1747,3
1747,2
1747,1
1746,6
1746,5
4294967278,145
1746,4
1746,3
1746,2
1746,1
4294967278,144
4294967279,27
4294967279,522
4294967279,564
4294967279,271
4294967278,304
4294967278,375
1743,6
1743,5
1743,4
1743,3
1743,2
1743,1
4294967294,1
4294967294,436
4294967278,428
4294967294,81
4294967294,50
4294967278,395
4294967294,36
4294967294,39
4294967294,89
4294967294,913
4294967294,419
4294967279,244
4294967278,259
4294967279,239
4294967294,114
4294967278,418
4294967279,242
1739,6
4294967278,301
1739,5
4294967279,227
1739,4
1739,3
1739,2
1739,1
1738,5
1738,4
1738,3
1738,2
1738,1
4294967294,903
4294967294,120
4294967294,466
4294967294,384
4294967294,409
4294967294,5
4294967294,423
4294967294,470
4294967294,388
4294967279,327
4294967278,0
4294967279,206
1737,5
1737,4
1737,3
1737,2
1737,1
1736,5
4294967279,198
1736,4
1736,3
1736,2
1736,1
4294967279,196
4294967279,193
4294967278,410
4294967279,296
1735,5
4294967294,41
4294967279,192
4294967279,191
1735,4
1735,3
1735,2
1735,1
4294967294,45
4294967294,426
4294967294,44
4294967294,949
4294967294,17
4294967294,99
4294967294,76
4294967294,43
1734,4
1734,3
1734,2
1734,1
0,7
4294967294,82
4294967294,902
4294967294,29
4294967294,185
4294967294,28
4294967294,0
4294967279,286
4294967278,423
4294967279,234
4294967294,471
4294967294,107
4294967294,53
4294967294,46
4294967294,2
4294967294,416
4294967279,276
4294967294,92
4294967294,91
4294967294,90
4294967294,88
4294967294,87
4294967294,86
4294967294,85
4294967294,84
4294967294,1414
4294967294,418
4294967294,950
4294967294,921
4294967294,920
4294967294,27
4294967294,1417
4294967294,96
4294967294,94
4294967279,529
4294967294,9
4294967294,8
4294967294,93
4294967294,95
4294967278,314
4294967278,292
4294967279,299
4294967278,421
4294967279,163
4294967278,162
4294967279,162
4294967278,160
4294967279,364
4294967278,156
4294967294,25
4294967294,7
4294967294,6
4294967294,22
4294967294,42
4294967294,67
4294967294,1416
4294967294,51
4294967294,52
4294967294,946
4294967294,26
4294967294,969
4294967294,83
0,5
4294967293,131
4294967293,130
4294967293,129
4294967293,128
4294967293,127
4294967293,126
4294967293,125
4294967293,124
4294967293,123
4294967293,122
4294967293,121
4294967293,120
4294967293,119
4294967293,118
4294967293,117
4294967293,116
4294967293,115
4294967293,114
4294967293,113
4294967293,112
4294967293,111
4294967293,110
4294967293,109
4294967293,108
4294967293,107
4294967293,106
4294967293,105
4294967293,104
4294967293,103
4294967293,102
4294967293,101
4294967293,100
4294967293,99
4294967293,98
4294967293,97
4294967293,96
4294967293,95
4294967293,94
4294967293,93
4294967293,92
4294967293,91
4294967293,90
4294967293,89
4294967293,87
4294967293,86
4294967293,85
4294967293,84
4294967293,83
4294967293,82
4294967293,81
4294967293,80
4294967293,79
4294967293,78
4294967293,77
4294967293,76
4294967293,75
4294967293,74
4294967293,73
4294967293,72
4294967293,71
4294967293,70
4294967293,69
4294967293,68
4294967293,67
4294967293,66
4294967293,65
4294967293,64
4294967293,63
4294967293,62
4294967293,61
4294967293,60
4294967293,59
4294967293,58
4294967293,57
4294967293,56
4294967293,55
4294967293,54
4294967293,53
4294967293,52
4294967293,51
4294967293,50
4294967293,49
4294967293,48
4294967293,47
4294967293,46
4294967293,45
4294967293,44
4294967293,43
4294967293,42
4294967293,41
4294967293,40
4294967293,39
4294967293,38
4294967293,37
4294967293,36
4294967293,35
4294967293,34
4294967293,33
4294967293,32
4294967293,31
4294967293,30
4294967293,29
4294967293,28
4294967293,27
4294967293,26
4294967293,25
4294967293,24
4294967293,23
4294967293,22
4294967293,21
4294967293,20
4294967293,19
4294967293,18
4294967293,17
4294967293,16
4294967293,15
4294967293,14
4294967293,13
4294967293,12
4294967293,11
4294967293,10
4294967293,9
4294967293,8
4294967293,7
4294967293,6
4294967293,5
4294967293,4
4294967293,3
4294967278,442
4294967278,306
4294967279,111
4294967279,110
4294967279,109
4294967279,108
4294967279,107
4294967279,106
4294967279,104
4294967279,103
4294967279,102
4294967279,101
4294967279,100
4294967279,99
4294967279,98
4294967279,97
4294967279,96
4294967279,95
4294967279,94
4294967279,93
4294967279,92
4294967279,91
4294967279,90
4294967279,87
4294967279,86
4294967279,148
4294967279,232
4294967278,365
4294967294,413
4294967294,465
4294967294,448
1733,6
1733,5
1733,4
1733,2
1733,1
4294967279,532
4294967294,900
4294967279,563
4294967279,551
1730,4
1730,3
1730,2
1730,1
4294967278,393
4294967279,228
4294967278,254
1729,5
1729,4
1729,3
1729,2
1729,1
4294967278,336
4294967278,302
4294967278,317
4294967279,222
4294967279,219
1728,6
1728,5
1728,4
1728,3
1728,2
1728,1
4294967279,210
4294967279,240
4294967279,201
4294967279,226
4294967278,298
4294967279,341
4294967278,403
4294967278,394
1725,6
1725,5
1725,4
1725,2
1725,1
4294967279,340
4294967278,438
4294967279,319
4294967278,432
4294967279,267
4294967278,166
4294967294,397
4294967294,912
4294967294,111
4294967294,410
4294967294,407
1721,6
4294967279,318
1721,5
4294967279,160
1721,4
1721,3
1721,2
1721,1
4294967279,158
1720,5
4294967278,153
4294967278,152
1720,4
1720,3
1720,2
1720,1
1719,5
1719,4
4294967278,339
1719,3
1719,2
4294967279,105
1719,1
4294967278,364
1718,5
1718,4
1718,3
1718,2
1718,1
1716,4
1716,3
1716,2
1716,1
4294967278,388
4294967278,299
4294967278,363
4294967278,361
4294967294,406
4294967294,420
4294967294,455
4294967278,355
4294967294,10
4294967294,30
4294967294,164
4294967294,165
4294967294,167
4294967294,176
4294967279,249
4294967278,248
4294967294,451
4294967294,18
4294967294,127
4294967294,14
4294967294,126
4294967294,20
4294967294,13
4294967294,166
4294967294,24
4294967294,12
4294967294,104
4294967294,106
4294967294,160
4294967294,168
4294967278,354
4294967279,85
4294967278,293
4294967278,226
4294967279,225
4294967278,224
4294967278,222
4294967278,220
4294967278,211
4294967279,211
4294967278,210
4294967279,209
4294967278,346
4294967278,205
4294967279,316
4294967279,89
4294967279,328
4294967278,198
4294967279,84
1715,6
1715,5
1715,4
1715,3
1715,2
1715,1
4294967278,295
4294967278,402
4294967278,359
4294967279,534
4294967278,286
4294967278,182
4294967279,182
4294967279,178
1712,4
1712,3
1712,2
1712,1
4294967279,335
4294967278,170
4294967278,169
4294967279,169
4294967278,168
4294967279,168
4294967279,167
4294967279,166
4294967278,165
4294967279,165
1711,5
4294967278,164
1711,4
1711,3
1711,2
1711,1
4294967279,161
4294967279,519
4294967278,296
4294967278,159
4294967279,159
4294967278,158
4294967278,157
4294967278,312
4294967278,376
4294967279,151
4294967278,151
4294967279,150
4294967279,315
4294967278,150
4294967278,149
4294967279,147
1710,6
4294967279,146
1710,5
1710,4
4294967279,145
1710,3
1710,2
1710,1
4294967279,311
4294967278,142
4294967294,916
4294967279,138
4294967279,270
4294967279,314
4294967278,353
1707,6
1707,5
1707,4
1707,2
1707,1
4294967278,352
4294967279,572
4294967279,312
4294967279,250
4294967278,250
4294967278,244
4294967278,240
4294967278,238
1703,6
4294967294,401
4294967294,390
1703,5
4294967278,230
1703,4
1703,3
1703,2
1703,1
4294967279,559
4294967279,574
1702,5
1702,4
1702,3
1702,2
1702,1
4294967278,272
4294967279,531
1701,5
1701,4
